case07
0.000000,0.000000
5600.000000,0.000000
5600.000000,4800.000000
0.000000,4800.000000
3300.000000
floor_0.120
left_0.320
bottom_0.300
right_0.320
top_0.340
ceiling_0.580
window_0.080
2
0.000000,950.000000,850.000000
0.000000,2550.000000,850.000000
0.000000,-1.000000,-1.000000
0.000000,-1.000000,-1.000000
0.000000,-1.000000,-1.000000
0.000000,-1.000000,-1.000000
1300.000000
1550.000000
1006.000000,918.000000,3069.000000
2800.000000,918.000000,3069.000000
4594.000000,918.000000,3069.000000
1006.000000,2400.000000,3069.000000
2800.000000,2400.000000,3069.000000
4594.000000,2400.000000,3069.000000
1006.000000,3882.000000,3069.000000
2800.000000,3882.000000,3069.000000
4594.000000,3882.000000,3069.000000
