case01
0.000000,0.000000
3600.000000,0.000000
3600.000000,3200.000000
0.000000,3200.000000
2700.000000
floor_0.120
left_0.320
bottom_0.300
right_0.320
top_0.340
ceiling_0.580
window_0.080
1
0.000000,900.000000,1100.000000
0.000000,-1.000000,-1.000000
0.000000,-1.000000,-1.000000
0.000000,-1.000000,-1.000000
0.000000,-1.000000,-1.000000
0.000000,-1.000000,-1.000000
1400.000000
1100.000000
1085.000000,995.000000,2268.000000
2515.000000,995.000000,2268.000000
1085.000000,2205.000000,2268.000000
2515.000000,2205.000000,2268.000000
